cnf numVars = 100 numClauses = 100 randomSeed = 10000
-9 33 -93
42 77 43
-22 27 -11
-24 85 -52
12 66 18
-73 82 28
-17 55 49
31 -84 -59
68 79 -70
67 80 61
30 57 -62
-13 -20 -84
-53 -57 62
-11 13 -78
51 96 -73
-9 47 43
-95 99 28
-1 92 -93
-1 77 -82
44 47 14
50 -54 51
-55 -68 -64
29 -31 58
-24 81 -12
23 -66 -58
-25 87 -15
43 -86 -33
7 55 -90
22 37 -26
-54 -55 -24
72 -81 91
-64 95 57
-64 -66 47
22 -29 -53
-69 -84 78
35 -63 -78
-58 -71 -66
37 68 12
9 13 94
-32 -58 -9
46 60 -69
-32 35 74
-16 -19 -22
19 -86 16
-14 -71 5
-19 79 48
-5 82 -96
-20 -24 26
-12 64 99
13 90 -17
51 -86 70
8 -93 -72
-71 92 63
-5 -45 55
48 91 -56
14 -74 96
-26 30 -65
5 -92 76
69 -88 -49
-38 -70 54
63 77 -20
7 86 -37
-11 -25 -81
33 -95 -90
9 -73 -66
8 -45 59
13 -15 -75
26 -69 75
-13 -45 6
82 -89 -59
52 62 -53
21 -70 -60
13 -18 -7
-32 76 40
11 21 83
-23 -67 -51
-23 34 -91
-12 20 -93
27 75 -85
-61 -99 73
-44 47 -17
-6 -9 49
48 69 46
-38 -71 88
15 -82 -5
12 -16 -97
13 -63 -35
-48 -88 -34
-68 -92 -48
-41 -57 -55
-4 -74 31
-52 -70 -73
32 53 -58
57 84 82
-86 95 50
-53 -76 59
52 85 -99
64 -75 -90
-2 -41 -95
90 -95 -66