cnf numVars = 100 numClauses = 200 randomSeed = 1000
65 -88 68
18 42 61
-18 -73 32
-24 -93 -62
33 -94 -51
33 -88 -36
17 100 53
56 66 -6
-21 78 -30
40 47 -19
9 90 -60
-6 67 91
28 73 99
82 86 -100
30 40 78
40 91 -59
53 69 55
3 -93 79
26 -50 -9
18 -92 -57
-16 -72 59
2 17 40
-14 82 53
-25 -98 -65
82 91 56
-27 -35 -52
5 -85 42
-37 -91 -18
27 -71 -59
-35 91 -67
-23 43 6
31 -99 19
75 -81 -96
-42 -83 77
18 37 -23
23 91 69
-58 -62 -46
53 -94 12
-20 77 29
39 -40 49
-65 -72 -21
-5 -34 69
-21 -24 -92
10 90 -4
-87 -99 -38
53 84 -18
35 -87 20
42 83 -53
-39 82 -35
50 79 -93
27 -91 49
-60 95 -43
80 -94 83
-5 -81 61
-53 -60 94
-14 -83 30
-11 43 46
-33 -78 15
31 -57 93
-6 -10 35
31 -62 4
25 -48 73
5 58 -36
71 74 -18
36 -42 23
-20 -86 -24
11 51 72
-33 87 -40
6 47 57
-31 -49 81
10 50 75
4 -76 64
-40 -63 -79
51 -95 -45
7 -57 3
-24 35 -88
33 -78 59
15 83 28
-32 34 54
-1 84 -38
38 54 22
35 -77 47
17 73 72
-12 -67 18
-19 48 13
31 71 42
25 -43 -26
85 89 -71
-48 -99 6
-4 41 -91
11 31 -74
-21 52 -38
7 -31 51
13 59 -25
-2 77 -55
19 76 -74
38 63 4
71 -95 93
2 -94 7
-71 82 6
60 94 -46
59 -96 42
-25 -97 -57
5 70 -98
-15 -61 -69
-22 -45 93
-64 -71 10
-52 78 -43
3 -18 12
5 -58 84
31 88 -74
83 -88 22
-47 -97 1
-41 79 -9
37 -64 -17
-13 -66 -29
27 -97 93
17 44 -69
-2 -58 -63
-13 79 -32
77 -80 56
28 -98 46
31 -95 -28
-63 -75 55
-8 -32 -90
-19 -73 -6
65 -84 -26
-25 -39 -62
87 -91 -13
4 -10 21
18 -53 -79
-46 -100 -54
26 90 -48
-55 62 -37
4 -93 -90
33 -98 -59
-37 38 -15
-56 62 -4
11 -100 18
-65 -78 86
-51 -99 -91
13 -68 77
-27 -74 -13
-31 -57 3
48 -71 50
-18 34 66
57 -72 -18
-70 77 90
-62 -76 64
-94 -96 -92
41 44 -51
-63 78 -39
-2 -59 -77
38 -58 27
21 -77 100
-6 81 -74
1 92 95
-26 98 -90
-22 -32 7
-56 83 -71
31 81 -98
-48 -78 14
-9 -71 -48
10 54 27
40 79 88
-60 95 -54
-50 67 53
-56 -97 94
-5 -8 62
-73 -77 -44
-30 50 47
-80 -89 -46
-33 -95 85
-28 -31 -32
6 69 61
36 91 2
-17 -28 96
-12 -31 28
-19 22 -10
-20 94 -80
39 79 33
37 42 -13
50 -60 18
-44 -65 62
8 98 -12
-16 -98 -66
68 -99 -63
-87 -96 63
-17 -59 52
31 -43 1
-46 82 33
-32 -33 -45
18 46 58
31 -75 57
-45 -99 44
3 -38 78
47 98 4
-41 -55 -90
56 -83 -76
-25 66 31