cnf numVars = 100 numClauses = 300 randomSeed = 0
-61 -63 26
-40 92 57
-74 -84 54
42 67 30
38 -53 43
12 -46 68
-26 -49 -55
-3 -56 -22
13 -62 -94
-8 27 83
-62 -88 71
45 52 -39
-3 58 -61
-20 -36 -78
6 74 53
24 -63 21
-13 58 86
-20 88 -29
41 -89 -33
44 98 94
-48 -72 27
51 85 49
-42 -50 -56
91 95 -14
26 78 89
65 -87 -56
17 58 -44
9 79 84
-8 -42 -89
-47 -68 26
-43 -78 -39
3 90 -62
14 -43 74
32 35 -14
19 39 -47
-55 -85 43
60 -84 58
-18 81 48
15 16 87
-3 6 40
-39 -47 -56
3 73 -22
87 -95 76
-64 -97 65
8 -44 23
24 56 55
78 -85 -22
1 60 -15
-79 87 -66
81 -86 44
-16 62 11
13 93 61
43 -100 61
-37 -64 -76
-69 -87 -48
-16 -41 -44
68 -78 55
24 -70 35
55 -64 97
-8 -83 -4
7 94 -56
-70 -81 -72
7 33 83
15 -100 -5
-22 -40 -48
12 36 -47
-13 89 7
48 -60 92
34 50 7
23 89 -90
2 -83 -15
5 67 76
-8 -98 -15
-4 71 -22
40 72 -37
-31 -40 -7
-76 90 -31
-38 -79 51
-18 -41 38
3 17 -93
59 62 36
19 57 -30
52 81 76
-53 -61 -44
53 -72 -92
11 -39 72
70 76 3
-24 59 65
-14 56 -34
34 93 12
-82 98 -92
-52 -76 -64
17 69 -39
40 -45 13
-67 -89 19
9 -37 -76
61 -91 -8
-12 35 62
-76 89 20
-6 78 -43
4 59 -69
-39 -94 7
1 39 19
55 82 93
-4 -52 -74
25 -37 -15
9 97 -75
-22 -80 59
23 -89 -84
36 -82 -95
-53 -89 44
-25 89 53
2 -99 -67
66 71 -57
59 90 -36
-4 -72 8
-3 -31 58
1 -8 22
-1 26 -12
32 -87 91
-4 -19 1
34 46 52
58 76 9
-11 -70 65
25 -55 -65
7 19 44
-22 26 24
-39 96 -95
28 55 -100
-3 -4 -47
-84 99 64
19 -50 96
-68 83 -33
-54 -84 35
62 -88 -39
30 -94 42
-46 -68 93
-57 -77 92
-26 91 -20
-48 50 33
-7 -9 4
-21 -55 16
23 41 31
-14 43 42
36 43 -65
3 91 59
-81 83 51
-24 40 83
18 -100 -90
2 -82 -24
-2 88 -40
-41 -61 72
54 -63 -53
37 89 -74
47 70 -11
-45 -59 79
89 97 77
51 53 88
84 -97 -1
-8 -100 -34
-6 -19 -90
51 -90 14
25 78 10
-16 93 -71
-36 -46 90
3 34 -49
28 81 29
33 -91 -76
30 77 -60
26 -82 -5
27 -61 91
35 38 36
62 63 -54
59 -76 -82
-12 -66 50
-44 65 5
-4 -9 -79
-54 -92 -1
13 50 91
-27 43 -50
43 93 -60
-39 87 -77
-5 78 -35
-68 -95 64
13 -89 35
-78 -93 69
-21 98 26
15 -43 9
-18 58 -15
33 81 27
-39 -44 34
66 -78 -93
-35 -52 -29
-7 68 33
-60 92 79
-47 79 -53
56 -85 -74
77 83 82
-26 -66 -97
-16 76 -80
-51 -52 67
2 -93 -65
-72 78 94
-33 37 24
-72 92 59
-64 83 60
-8 82 -37
-3 -65 98
17 70 -48
31 50 -28
42 -60 -68
-24 -75 -92
-5 -41 17
30 -41 -15
5 87 9
-72 89 91
3 -38 -2
-60 -86 -4
72 -80 -100
7 54 1
50 60 16
54 -97 -29
9 44 -35
28 53 -87
13 59 28
6 -67 91
34 83 53
17 -45 57
-76 82 -88
-61 78 79
9 14 30
-27 -43 -75
4 -20 -68
28 -79 -46
14 87 23
-23 -47 -62
19 82 36
-1 51 94
24 76 100
-24 -45 -92
-69 -76 -100
-30 52 -79
-48 -64 -16
46 -87 -32
16 49 -61
-25 -75 92
-6 20 94
-7 24 -22
-2 -58 -81
33 98 -70
-1 -25 52
-38 -79 4
-44 -68 -42
16 45 38
-70 -79 87
-48 79 -8
-1 26 38
70 -73 -29
-45 -92 71
35 89 -29
19 59 5
-11 -88 30
57 -91 19
24 67 25
-25 92 15
8 -64 73
25 -57 -34
47 57 -75
-50 67 -99
10 88 -14
21 54 35
-28 -79 58
11 -12 -7
-57 -58 86
67 -96 25
-75 -84 -22
44 -59 -2
-54 -82 22
-54 71 23
58 69 83
6 33 7
4 -59 -62
-6 -81 -72
-83 -87 8
-19 -87 10
-82 89 21
-14 29 -58
13 50 77
44 -68 25
32 -72 10
-58 90 94
5 -66 98
3 -38 -33
-40 -83 -20
26 -55 -76
6 43 -4
41 -51 -94
-38 91 69
45 89 -88
19 -34 48