cnf numVars = 100 numClauses = 100 randomSeed = 0
-61 -63 26
-40 92 57
-74 -84 54
42 67 30
38 -53 43
12 -46 68
-26 -49 -55
-3 -56 -22
13 -62 -94
-8 27 83
-62 -88 71
45 52 -39
-3 58 -61
-20 -36 -78
6 74 53
24 -63 21
-13 58 86
-20 88 -29
41 -89 -33
44 98 94
-48 -72 27
51 85 49
-42 -50 -56
91 95 -14
26 78 89
65 -87 -56
17 58 -44
9 79 84
-8 -42 -89
-47 -68 26
-43 -78 -39
3 90 -62
14 -43 74
32 35 -14
19 39 -47
-55 -85 43
60 -84 58
-18 81 48
15 16 87
-3 6 40
-39 -47 -56
3 73 -22
87 -95 76
-64 -97 65
8 -44 23
24 56 55
78 -85 -22
1 60 -15
-79 87 -66
81 -86 44
-16 62 11
13 93 61
43 -100 61
-37 -64 -76
-69 -87 -48
-16 -41 -44
68 -78 55
24 -70 35
55 -64 97
-8 -83 -4
7 94 -56
-70 -81 -72
7 33 83
15 -100 -5
-22 -40 -48
12 36 -47
-13 89 7
48 -60 92
34 50 7
23 89 -90
2 -83 -15
5 67 76
-8 -98 -15
-4 71 -22
40 72 -37
-31 -40 -7
-76 90 -31
-38 -79 51
-18 -41 38
3 17 -93
59 62 36
19 57 -30
52 81 76
-53 -61 -44
53 -72 -92
11 -39 72
70 76 3
-24 59 65
-14 56 -34
34 93 12
-82 98 -92
-52 -76 -64
17 69 -39
40 -45 13
-67 -89 19
9 -37 -76
61 -91 -8
-12 35 62
-76 89 20
-6 78 -43
